003	I	001	2290
004	I	001	2940
005	I	001	4545
006	I	001	6290
007	I	001	0
008	I	001	2000
009	I	001	5010
010	I	001	1950
011	I	001	0
012	I	001	5780
013	I	001	4720
014	I	001	5100
015	I	001	4410
016	I	001	2775
017	I	001	2775
018	I	001	2815
019	I	001	2505
020	I	001	2685
021	I	001	2710
022	I	001	2340
023	I	001	2310
024	I	001	2400
025	I	001	2280
026	I	001	2100
027	I	001	1740
028	I	001	4930
029	I	001	2925
030	I	001	1810
031	I	001	1860
032	I	001	0
033	I	001	1740
034	I	001	4255
035	I	001	2790
036	I	001	4565
037	I	001	2525
039	I	001	1550
040	I	001	0
042	I	001	1515
043	I	001	0
044	I	001	4465
045	I	001	2055
046	I	001	5025
047	I	001	0
048	I	001	3170
049	I	001	0
050	I	001	1540
051	I	001	0
052	I	001	2290
053	I	001	1540
054	I	001	1540
055	I	001	1590
056	I	001	0
057	I	001	1540
059	I	001	2385
061	I	001	0
064	I	001	3180
066	I	001	2815
062	I	001	5025
067	I	001	3330
068	I	001	0
069	I	001	5340
070	I	001	0
071	I	001	2145
072	I	001	2145
003	I	002	796.5
003	I	003	200
005	I	005	1035
004	I	002	1269
004	I	003	200
004	I	005	705
005	I	002	1863
005	I	003	200
005	I	005	1035
006	I	002	2294
006	I	003	200
006	I	005	1433.75
007	I	002	1626.75
007	I	003	200
007	I	005	903
007	I	005	903.75
008	I	002	925
008	I	003	200
008	I	005	462.5
009	I	002	1912.5
009	I	003	200
009	I	005	1062.5
010	I	002	900
010	I	003	200
010	I	005	450
011	I	002	812.5
011	I	003	200
011	I	005	406.25
012	I	002	2371.5
012	I	003	200
012	I	005	1317.5
013	I	002	1914.75
013	I	003	200
013	I	005	1063.75
014	I	002	1989
014	I	003	200
014	I	005	1105
015	I	002	1775.25
015	I	003	200
015	I	005	986.25
016	I	002	1252.5
016	I	003	200
016	I	005	626.25
017	I	002	1252.5
017	I	003	200
017	I	005	626.25
018	I	002	1250
018	I	003	200
018	I	005	625
019	I	002	1072.5
019	I	003	200
019	I	005	536.25
020	I	002	1072.5
020	I	003	200
020	I	005	536.25
021	I	002	1072.5
021	I	003	200
021	I	005	536.25
022	I	002	1080
022	I	003	200
022	I	005	540
023	I	002	1020
023	I	003	200
023	I	005	510
024	I	002	975
024	I	003	200
024	I	005	487.5
025	I	002	1005
025	I	003	200
025	I	005	502.5
026	I	002	990
026	I	003	200
026	I	005	495
027	I	002	820
027	I	003	200
027	I	005	410
028	I	002	1989
028	I	003	200
028	I	005	1105
029	I	002	1077.75
029	I	003	200
029	I	005	598.75
030	I	002	805
030	I	003	200
030	I	005	402.5
031	I	002	830
031	I	003	200
031	I	005	415
032	I	001	0
032	I	001	0
032	I	001	0
033	I	002	795
033	I	003	200
033	I	005	397.5
034	I	002	1566
034	I	003	200
034	I	005	870
035	I	002	983.25
035	I	003	200
035	I	005	546.25
036	I	002	1748.25
036	I	003	200
036	I	005	971.25
037	I	002	900
037	I	003	200
037	I	005	500
039	I	002	725
039	I	003	200
039	I	005	362.5
040	I	002	866.25
040	I	003	200
040	I	005	481.25
042	I	002	665
042	I	003	200
042	I	005	332.5
043	I	002	2202
043	I	003	200
043	I	005	2752.5
044	I	002	1703.25
044	I	003	200
044	I	005	946.25
045	I	001	2055
045	I	001	2055
045	I	001	2055
046	I	002	1714
046	I	003	200
046	I	005	1071.25
047	I	002	1104.75
047	I	003	200
047	I	005	613.75
048	I	002	1120.5
048	I	003	200
048	I	005	922.5
049	I	002	805.5
049	I	003	200
049	I	005	447.5
050	I	002	595
050	I	003	200
050	I	005	297.5
051	I	002	595
051	I	003	200
051	I	005	297.5
052	I	002	765
052	I	003	200
052	I	005	382.5
053	I	002	595
053	I	003	200
053	I	005	297.5
054	I	002	595
054	I	003	200
054	I	005	285
055	I	003	200
055	I	002	595
055	I	005	297.5
056	I	002	595
056	I	003	200
056	I	005	297.5
057	I	002	595
057	I	003	200
057	I	005	297.5
059	I	002	906.75
059	I	003	200
059	I	005	503.75
061	I	002	2088
061	I	003	200
061	I	005	1305
064	I	002	1080
064	I	003	200
064	I	005	600
066	I	002	1030.5
066	I	003	200
066	I	005	572.5
062	I	001	5025
062	I	001	5025
062	I	001	5025
063	I	001	0
063	I	003	800
063	I	005	800
067	I	002	1323
067	I	003	200
067	I	005	735
068	I	002	1235
068	I	003	200
068	I	005	617.5
069	I	002	2241
069	I	003	200
069	I	005	1245
070	I	002	1202.5
070	I	003	200
070	I	005	601.25
071	I	002	802.5
071	I	003	200
071	I	005	401.25
072	I	001	2145
072	I	001	2145
072	I	001	2145
073	I	001	3740
073	I	002	1032.75
073	I	003	200
073	I	003	200
073	I	005	573.75
074	I	001	1545
074	I	001	1545
074	I	001	1545
074	I	001	1545
076	I	001	1950
076	I	002	925
076	I	003	200
076	I	005	462.5
058	I	001	2520
058	I	001	2520
058	I	001	2520
058	I	001	2520
077	I	001	0
077	I	001	0
077	I	001	0
077	I	001	0
078	I	001	5430
078	I	002	1676.25
078	I	003	200
078	I	005	931.25
105	I	001	2045
105	I	002	684
105	I	003	200
106	I	001	2145
106	I	002	965.25
106	I	003	200
107	I	001	2220
107	I	001	2220
107	I	001	2220
108	I	001	1965
108	I	002	675
108	I	003	200
109	I	001	3570
109	I	002	1370.25
109	I	003	200
110	I	001	4670
110	I	002	1370.25
110	I	003	200
111	I	001	2385
111	I	002	690.75
111	I	003	200
111	I	005	383.75
108	I	005	337.5
112	I	001	0
112	I	002	613
112	I	003	200
112	I	005	306.5
113	I	001	4670
113	I	002	1370.25
113	I	003	200
114	I	001	3045
114	I	002	1370.25
114	I	003	200
118	I	001	1730
118	I	002	670
118	I	003	200
118	I	005	335
115	E	009	0
115	E	009	0
115	E	009	0
116	I	001	0
116	I	002	1370.25
117	I	001	4670
117	I	002	1370.25
117	I	003	200
079	I	001	0
079	I	002	2460
079	I	003	200
080	I	001	0
080	I	001	0
080	I	001	0
080	I	001	0
081	I	001	1490
081	I	001	1490
081	I	001	1490
082	I	001	0
082	I	002	825.75
082	I	003	200
119	I	001	0
119	I	002	520
119	I	003	200
083	I	001	2315
083	I	002	852.75
083	I	003	200
083	I	005	473.75
084	I	001	2520
084	I	002	852.75
084	I	003	200
084	I	005	473.75
085	I	001	2105
085	I	001	2105
085	I	001	2105
085	I	001	2105
086	I	001	1700
086	I	002	687.5
086	I	003	200
086	I	005	343.75
087	I	001	1590
087	I	002	570
087	I	003	200
087	I	005	285
088	I	001	1540
088	I	002	595
088	I	003	200
088	I	005	297.5
089	I	001	2350
089	I	001	2350
089	I	001	2350
089	I	001	2350
090	I	001	1490
090	I	002	545
090	I	003	200
090	I	005	272.5
091	I	001	2375
091	I	001	2375
091	I	001	2375
120	I	001	1620
120	I	002	615
120	I	003	200
122	I	001	1040
122	I	002	520
122	I	003	200
123	I	001	1040
123	I	002	520
123	I	003	200
124	I	001	2925
124	I	002	1073.25
124	I	003	200
124	I	005	596.25
125	I	001	4485
125	I	002	1572
125	I	003	200
126	I	001	1530
126	I	001	1530
126	I	001	1530
092	I	001	3570
092	I	002	987.75
092	I	003	200
093	I	001	2240
093	I	002	825
093	I	003	200
127	I	001	2385
127	I	002	690.75
127	I	003	200
127	I	005	383.75
128	I	001	1685
128	I	002	615
128	I	003	200
121	I	001	1880
121	I	002	660
121	I	003	200
121	I	005	330
102	I	001	0
102	I	002	595
102	I	003	200
129	I	001	0
129	I	002	690
129	I	003	200
130	I	001	0
130	I	002	595
130	I	003	200
100	I	001	0
100	I	002	630
100	I	003	200
103	I	001	1600
103	I	002	595
103	I	003	200
131	I	001	3910
131	I	002	1530
131	I	003	200
131	I	005	850
132	I	001	2100
132	I	002	670
132	I	003	200
133	I	001	2100
133	I	002	670
133	I	003	200
134	I	001	2765
134	I	002	965.25
134	I	003	200
135	I	001	3060
135	I	002	1377
135	I	003	200
136	I	001	0
136	I	002	1397.25
136	I	003	200
136	I	005	776.25
137	I	001	1875
137	I	002	615
137	I	003	200
138	I	001	1750
138	I	002	637.5
138	I	003	200
140	I	001	3910
140	I	002	1370.25
140	I	003	200
139	I	001	3910
139	I	002	1370.25
139	I	003	200
141	I	001	4855
141	I	002	1370.25
141	I	003	200
142	I	001	3045
142	I	002	1370.25
142	I	003	200
143	I	001	0
143	I	002	1370.25
143	I	003	200
144	I	001	3045
144	I	002	1370.25
144	I	003	200
145	I	001	0
145	I	002	1012
145	I	03 	200
003	E	006	172
004	E	006	258
005	E	006	373.5
006	E	006	521
007	E	006	361.5
008	E	006	170
009	E	006	391
010	E	006	165
011	E	006	152.5
012	E	006	493
013	E	006	379
014	E	006	408
015	E	006	363.5
016	E	006	241.5
017	E	006	232.5
018	E	006	239.5
019	E	006	214.5
020	E	006	214.5
021	E	006	214.5
022	E	006	198
023	E	006	183
024	E	006	195
025	E	006	183
026	E	006	186
027	E	006	154
028	E	006	425
029	E	006	250
030	E	006	156
031	E	006	161
032	I	001	0
033	E	006	149
034	E	006	332.5
035	E	006	218.5
036	E	006	373
037	E	006	200
039	E	006	135
040	E	006	192.5
042	E	006	128
043	E	006	513.5
044	E	006	344.5
045	I	001	2055
046	E	006	333
047	E	006	245.5
048	E	006	208.5
049	E	006	179
050	E	006	114
051	E	006	114
052	E	006	144
053	E	006	114
054	E	006	114
055	E	006	114
056	E	006	114
057	E	006	114
059	E	006	177.5
061	E	006	522
062	I	001	5025
064	E	006	240
066	E	006	229
067	E	006	270
068	E	006	223
069	E	006	462
070	E	006	221
071	E	006	154
072	I	001	2145
119	E	006	104
078	E	006	338.5
073	E	006	277.5
074	I	001	1545
076	E	006	170
058	I	001	2520
077	I	001	0
083	E	006	189.5
084	E	006	189.5
085	I	001	2105
086	E	006	132.5
087	E	006	114
088	E	006	114
089	I	001	2350
090	E	006	109
127	E	006	153.5
121	E	006	132
005	E	007	185
004	E	007	92.5
012	E	007	185
013	E	007	185
014	E	007	185
016	E	007	46.25
017	E	007	46.25
018	E	007	46.25
019	E	007	46.25
020	E	007	46.25
021	E	007	46.25
023	E	007	92.5
025	E	007	92.5
028	E	007	185
029	E	007	46.25
034	E	007	185
078	E	007	185
035	E	007	92.5
036	E	007	185
037	E	007	185
040	E	007	92.5
043	E	007	290
044	E	007	92.5
046	E	007	185
047	E	007	92.5
048	E	007	92.5
049	E	007	92.5
052	E	007	92.5
056	E	007	46.25
061	E	007	92.5
105	E	007	92.5
108	E	007	92.5
111	E	007	92.5
118	E	007	46.25
113	E	007	92.5
064	E	007	185
062	I	001	5025
115	E	009	0
067	E	007	185
068	E	007	92.5
124	E	007	92.5
127	E	007	92.5
128	E	007	46.25
101	E	007	92.52
131	E	007	92.5
134	E	007	46.25
135	E	007	92.5
005	E	008	780
004	E	008	370
011	E	008	0
012	E	008	830
013	E	008	780
014	E	008	770
016	E	008	185
017	E	008	185
018	E	008	185
019	E	008	185
020	E	008	185
021	E	008	185
023	E	008	400
025	E	008	400
028	E	008	770
029	E	008	185
034	E	008	780
035	E	008	370
036	E	008	830
037	E	008	720
040	E	008	370
105	E	008	400
108	E	008	400
109	E	008	500
111	E	008	370
118	E	008	185
113	E	008	400
114	E	008	500
044	E	008	400
046	E	008	830
047	E	008	400
048	E	008	370
049	E	008	400
050	E	008	0
052	E	008	400
056	E	008	185
061	E	008	370
064	E	008	720
062	I	001	5025
115	E	009	0
116	E	008	500
117	E	008	0
067	E	008	780
068	E	008	400
120	E	008	250
124	E	008	400
125	E	008	450
092	E	008	225
093	E	008	225
127	E	008	370
128	E	008	185
101	E	008	370
131	E	008	400
134	E	008	200
135	E	008	370
139	E	008	0
140	E	008	500
141	E	008	500
142	E	008	500
144	E	008	500
005	E	009	100
004	E	009	100
006	E	009	500
007	E	009	0
008	E	009	120
009	E	009	300
010	E	09 	100
011	E	009	0
012	E	009	100
013	E	009	150
014	E	009	100
015	E	009	100
016	E	009	100
017	E	009	100
018	E	009	100
019	E	009	100
020	E	009	150
021	E	009	100
022	E	009	150
023	E	009	130
024	E	009	140
025	E	009	100
026	E	009	100
027	E	009	100
028	E	009	400
029	E	009	100
030	E	009	100
031	E	009	100
032	I	001	0
033	E	009	130
034	E	009	100
078	E	009	500
035	E	009	180
036	E	009	100
037	E	009	160
039	E	009	100
040	E	009	0
042	E	009	100
044	E	009	400
045	I	001	2055
046	E	009	200
047	E	009	200
048	E	009	300
049	E	009	0
050	E	009	100
051	E	009	0
052	E	009	100
053	E	009	100
054	E	009	100
055	E	009	100
056	E	009	0
057	E	009	100
064	E	009	100
066	E	009	180
003	E	009	100
115	E	009	0
067	E	009	200
068	E	009	0
069	E	009	200
070	E	009	0
071	E	009	140
072	I	001	2145
089	I	001	2350
086	E	009	110
073	E	009	100
076	E	009	100
077	I	001	0
080	I	001	0
011	E	010	528
023	E	010	660
025	E	010	330
029	E	010	495
026	E	010	330
032	I	001	0
033	E	010	396
078	E	010	825
035	E	010	330
039	E	010	231
042	E	010	165
046	E	010	264
064	E	010	165
066	E	010	1451
076	E	010	330
077	I	001	0
003	E	011	17.2
004	E	011	25.8
005	E	011	37.35
006	E	011	52.1
007	E	011	36.15
008	E	011	17
009	E	011	39.1
010	E	011	16.5
011	E	011	15.25
012	E	011	49.3
013	E	011	37.9
014	E	011	40.8
015	E	011	36.35
016	E	011	24.15
017	E	011	23.25
018	E	011	23.95
019	E	011	21.45
020	E	011	21.45
021	E	011	21.45
022	E	011	19.8
023	E	011	18.3
024	E	011	19.5
025	E	011	18.3
026	E	011	18.6
027	E	011	15.4
028	E	011	42.5
029	E	011	21.85
030	E	011	15.6
031	E	011	16.1
032	I	001	0
033	E	011	14.9
034	E	011	33.25
078	E	011	33.85
035	E	011	21.85
036	E	011	37.3
037	E	011	20
039	E	011	13.5
040	E	011	19.25
042	E	011	12.8
108	E	011	13.5
111	E	011	13.35
118	E	011	13.4
112	E	011	11.4
043	E	011	51.35
044	E	011	34.45
045	I	001	2055
046	E	011	33.3
047	E	011	24.55
048	E	011	20.85
049	E	011	17.9
050	E	011	11.4
051	E	011	11.4
052	E	011	14.4
053	E	011	11.4
054	E	011	11.4
055	E	011	11.4
056	E	011	11.4
057	E	011	11.4
059	E	011	17.75
061	E	011	52.2
064	E	011	24
066	E	011	22.9
062	I	001	5025
067	E	011	27
068	E	011	22.3
069	E	011	46.2
070	E	011	22.1
071	E	011	15.4
072	I	001	2145
119	E	011	10.4
083	E	011	18.95
084	E	011	18.95
085	I	001	2105
086	E	011	13.25
087	E	011	11.4
088	E	011	11.4
089	I	001	2350
090	E	011	10.9
127	E	011	15.35
121	E	011	13.2
006	E	014	300
012	E	014	300
043	E	014	500
061	E	014	300
063	E	014	1000
069	E	014	300
172	I	001	1535
172	I	001	1535
172	I	001	1535
003	E	007	290
003	E	007	290
005	E	012	157
005	E	012	157
005	E	013	15
005	E	013	15
004	E	012	72.76
004	E	012	72.76
004	E	013	12
004	E	013	12
011	E	012	0
011	E	012	0
011	I	004	0
011	I	004	0
012	E	012	122.24
012	E	012	122.24
012	E	013	15
012	E	013	15
012	I	004	250
012	I	004	250
010	I	004	50
010	I	004	50
073	I	001	3740
073	I	001	3740
073	I	002	1377
073	I	002	1377
073	I	03 	200
073	I	003	200
073	I	005	765
073	I	005	765
107	I	001	2220
172	I	001	1535
077	I	001	0
080	I	001	0
074	I	001	1545
107	I	001	2220
126	I	001	1530
072	I	001	2145
115	E	009	0
072	I	001	2145
077	I	001	0
080	I	001	0
062	I	001	5025
074	I	001	1545
077	I	001	0
074	I	001	1545
074	I	001	1545
074	I	001	1545
077	I	001	0
077	I	001	0
077	I	001	0
074	I	001	1545
074	I	001	1545
074	I	001	1545
074	I	001	1545
077	I	001	0
077	I	001	0
077	I	001	0
077	I	001	0
074	I	001	1545
074	I	001	1545
074	I	001	1545
074	I	001	1545
074	I	001	1545
074	I	001	1545
074	I	001	1545
077	I	001	0
077	I	001	0
074	I	001	1545
074	I	001	1545
074	I	001	1545
074	I	001	1545
002	I	001	17100
002	I	002	5670
002	I	003	200
002	I	005	4050
002	E	009	500
041	I	001	2665
169	I	001	1245
077	I	001	0
170	I	001	1790
032	I	001	0
045	I	001	2055
091	I	001	2375
081	I	001	1490
085	I	001	2105
126	I	001	1530
080	I	001	0
089	I	001	2350
072	I	001	2145
074	I	001	1545
077	I	001	0
058	I	001	2520
062	I	001	5025
062	I	001	5025
171	I	001	2615
065	I	001	5220
060	I	001	5430
166	I	001	1350
073	I	001	3740
062	E	009	400
077	E	009	0
045	E	009	100
080	E	009	0
089	E	009	180
072	E	009	140
010	E	009	100
032	E	009	0
032	I	002	795
107	I	002	684
045	I	002	900
062	I	002	1788
115	I	002	1370.25
032	I	003	200
107	I	003	200
045	I	003	200
062	I	003	200
115	I	003	200
116	I	003	200
003	I	005	442.5
032	I	005	397.5
107	I	005	380
045	I	005	450
062	I	005	1117.5
062	E	007	185
115	E	007	92.5
078	E	008	830
062	E	008	770
110	E	008	500
115	E	008	370
002	E	012	0
005	E	012	231.95
004	E	012	72.76
012	E	012	122.24
013	E	012	238.6
014	E	012	261.87
016	E	012	39.17
017	E	012	36.38
018	E	012	36.38
019	E	012	20.68
020	E	012	66.22
021	E	012	32.16
023	E	012	160.02
025	E	012	145.22
029	E	012	36.38
034	E	012	215.33
078	E	012	273.51
035	E	012	72.76
036	E	012	343.32
037	E	012	320.05
105	E	012	130.93
108	E	012	160.02
111	E	012	133.17
118	E	012	29.9
113	E	012	346.7
043	E	012	725.4
049	E	012	148.39
067	E	012	145.52
052	E	012	61.12
056	E	012	33
061	E	012	84.39
064	E	012	157.15
002	E	014	500
002	E	013	0
013	E	013	15
014	E	013	15
016	E	013	6
019	E	013	6
018	E	013	6
020	E	013	6
021	E	013	6
017	E	013	6
023	E	013	12
025	E	013	12
029	E	013	6
034	E	013	15
036	E	013	15
035	E	013	12
037	E	013	15
105	E	013	12
108	E	013	12
118	E	013	6
111	E	013	12
112	E	013	0
113	E	013	12
043	E	013	20
049	E	013	12
067	E	013	15
052	E	013	12
050	E	013	1398.73
056	E	013	6
061	E	013	12
062	E	013	15
028	E	013	15
040	E	013	12
044	E	013	12
046	E	013	15
047	E	013	12
048	E	013	12
115	E	013	12
063	E	013	500
106	E	013	163.24
078	I	004	3445
006	I	004	2185
007	I	004	1000
010	I	004	50
013	I	004	405
014	I	004	420
015	I	004	405
029	I	004	398.07
034	I	004	250
037	I	004	250
105	I	004	250
107	I	004	250
106	I	004	250
045	I	004	41.42
053	I	004	72.16
062	I	004	516.75
028	I	004	663
046	I	004	642.75
072	I	002	802.5
072	I	003	200
072	I	005	401.25
119	I	005	260
068	E	012	130.93
068	E	013	12
074	I	002	672.5
058	I	002	960.75
077	I	002	760
074	I	003	200
058	I	003	200
077	I	003	200
074	I	005	336.25
058	I	005	336.25
077	I	005	380
002	E	007	0
002	E	008	0
028	E	012	238.6
040	E	012	132.45
044	E	012	61.12
062	E	012	354.96
046	E	012	296.78
047	E	012	72.76
048	E	012	66
115	E	012	87.27
115	I	001	3045
085	I	002	852.75
085	I	003	200
085	I	005	473.75
086	I	004	662.46
089	I	002	868.5
089	I	003	200
089	I	005	482.5
090	I	004	69.28
091	I	002	798.75
091	I	003	200
091	I	005	443.75
155	I	004	1300
131	E	012	72.76
131	E	013	12
156	I	004	1500
132	I	005	600
133	I	005	600
134	I	005	536.25
124	E	012	84.39
124	E	013	12
123	E	013	260
126	I	002	563
126	I	003	200
126	I	005	281.5
146	I	004	1800
147	I	004	1200
148	I	004	1600
127	E	012	84.39
127	E	013	6
002	I	004	300
005	I	004	135
005	E	012	238.63
004	I	004	120
008	I	004	50
009	I	004	170
017	I	004	90
022	I	004	60
023	I	004	90
025	I	004	90
032	I	001	0
105	I	005	380
067	I	004	120
048	I	004	713.9
080	I	002	672.5
080	I	005	336.25
058	I	004	120
076	I	004	50
068	I	004	80
069	I	004	120
070	I	004	65
083	I	004	600
084	I	004	600
085	I	004	600
073	I	001	3740
073	E	008	300
120	I	005	307.5
126	I	001	1530
081	I	005	260
081	I	001	1490
152	I	005	2600
154	I	005	1500
103	I	005	150
101	I	005	2340
102	I	005	297.5
149	I	005	2340
129	I	005	383.75
130	I	004	200
180	I	004	15000
134	I	004	250
156	I	005	1750
139	I	005	761.25
139	I	004	456.75
155	I	001	1390
155	I	002	520
155	I	003	200
181	I	001	1440
181	I	002	520
181	I	003	200
182	I	001	1540
182	I	002	595
182	I	003	200
183	I	001	1440
183	I	002	520
183	I	003	200
137	I	005	307.5
147	I	001	1390
147	I	002	520
147	I	003	200
077	I	001	0
108	E	009	100
118	E	009	150
092	E	009	100
139	E	009	200
185	I	001	2185
113	E	009	300
150	I	001	1440
111	E	009	160
181	E	009	100
063	I	004	26000
126	E	009	100
103	E	009	100
186	I	001	1980
107	I	001	2220
187	I	001	4300
180	I	001	4670
150	E	009	100
121	E	009	100
188	I	001	0
189	I	001	1450
190	I	001	1450
191	I	001	1875
157	I	001	2385
101	I	001	1875
192	I	001	2080
193	I	001	1620
155	E	009	100
147	E	009	100
194	I	001	2860
195	I	001	1600
197	I	001	1450
196	I	001	1450
198	I	001	2355
081	I	001	1490
093	E	009	100
205	I	001	4485
199	I	001	4670
200	I	001	0
201	I	001	2100
202	I	001	2220
204	I	001	2100
203	I	001	2100
206	I	001	0
202	E	009	170
203	E	009	170
204	E	009	210
207	I	001	4300
208	I	001	0
117	E	009	400
195	E	009	100
101	E	009	100
194	E	009	250
190	E	009	100
209	I	001	4300
210	I	001	1660
211	I	001	1980
207	E	009	400
127	E	009	200
212	I	001	1300
213	I	001	1980
214	I	001	2655
219	I	001	4670
215	I	001	1980
216	I	001	2100
213	E	009	150
211	E	009	190
217	I	001	1405
218	I	001	1405
220	I	001	1300
221	I	001	1400
222	I	001	1350
223	I	001	1350
224	I	001	2250
225	I	001	1350
226	I	001	4180
